0 26
1 6
2 18
3 14
4 -8
5 0
6 2
7 -8
8 -16
9 -12
10 -8
11 -10
12 -14
13 -2
14 -14
15 -6
16 -18
17 14
18 2
19 -10
20 -12
21 -2
22 20
23 0
24 6
25 -10
26 2
27 2
28 -16
29 -2
30 10
31 0
32 -6
33 -10
34 8
35 6
36 -4
37 10
38 -4
39 -6
40 -8
41 6
42 0
43 14
44 -6
45 -6
46 -10
47 2
48 -8
49 2
50 -4
51 22
52 6
53 -10
54 -4
55 -2
56 -2
57 4
58 -6
59 14
60 2
61 -20
62 -6
63 -10
64 -2
65 8
66 -12
67 6
68 12
69 -2
70 0
71 -18
72 -4
73 -10
74 10
75 4
76 0
77 0
78 -8
79 -14
80 -8
81 2
82 -4
83 -10
84 2
85 0
86 4
87 -10
88 -6
89 2
90 0
91 12
92 24
93 -2
94 -4
95 10
96 -6
97 12
98 4
99 -14
100 16
101 -12
102 4
103 4
104 10
105 12
106 -12
107 10
108 -4
109 16
110 -14
111 -4
112 4
113 2
114 -8
115 30
116 -12
117 0
118 -2
119 -10
120 -2
121 -2
122 16
123 -22
124 -12
125 12
126 14
127 -4
128 8
129 -14
130 -12
131 -6
132 26
133 4
134 8
135 -8
136 10
137 16
138 0
139 -2
140 6
141 4
142 -6
143 8
144 -24
145 18
146 -2
147 -8
148 10
149 -10
150 -6
151 16
152 -2
153 10
154 0
155 -6
156 0
157 4
158 -8
159 -2
160 8
161 14
162 14
163 0
164 -12
165 -4
166 2
167 -6
168 -4
169 -2
170 -14
171 6
172 -12
173 4
174 -2
175 2
176 -28
177 6
178 22
179 6
180 -8
181 -12
182 0
183 6
184 18
185 -12
186 2
187 -2
188 20
189 16
190 8
191 14
192 -6
193 14
194 -2
195 14
196 4
197 16
198 -18
199 2
200 -14
201 -2
202 -12
203 6
204 12
205 2
206 -2
207 -8
208 4
209 -12
210 10
211 14
212 -4
213 -10
214 -2
215 -12
216 -2
217 -2
218 -14
219 -2
220 -6
221 -2
222 -12
223 8
224 2
225 0
226 0
227 -4
228 10
229 8
230 12
231 6
232 -22
233 6
234 4
235 -14
236 12
237 14
238 -6
239 -2
240 8
241 -2
242 -2
243 -8
244 -12
245 -2
246 -4
247 -2
248 -14
249 -8
250 -4
251 -8
252 -4
253 -6
254 -6
255 6
256 -12
257 16
258 2
259 20
260 8
261 -8
262 -6
263 2
264 -8
265 -8
266 2
267 4
268 0
269 10
270 -8
271 8
272 0
273 0
274 14
275 4
276 -6
277 -18
278 -6
279 32
280 12
281 10
282 0
283 2
284 6
285 -16
286 -14
287 10
288 -8
289 -2
290 -8
291 6
292 -6
293 -10
294 -2
295 12
296 4
297 -2
298 0
299 8
300 -8
301 2
302 -2
303 4
304 -24
305 18
306 10
307 4
308 2
309 -12
310 0
311 8
312 12
313 2
314 -32
315 -22
316 0
317 -6
318 6
319 4
320 -8
321 12
322 18
323 -10
324 10
325 -4
326 -14
327 2
328 8
329 -8
330 20
331 30
332 2
333 -4
334 4
335 -10
336 -22
337 4
338 -6
339 -6
340 -24
341 24
342 0
343 8
344 -2
345 16
346 2
347 -4
348 14
349 -2
350 4
351 -2
352 -8
353 6
354 -6
355 -4
356 -22
357 -8
358 4
359 16
360 -2
361 -4
362 4
363 6
364 10
365 -6
366 2
367 0
368 18
369 2
370 16
371 -18
372 -8
373 4
374 4
375 -8
376 12
377 4
378 14
379 12
380 28
381 2
382 0
383 -4
384 0
385 -6
386 -18
387 -16
388 -28
389 -6
390 -12
391 8
392 -4
393 6
394 -6
395 4
396 -12
397 4
398 12
399 0
400 16
401 12
402 0
403 20
404 -8
405 0
406 8
407 -8
408 -4
409 0
410 -14
411 6
412 -12
413 6
414 0
415 10
416 4
417 -20
418 -10
419 -2
420 10
421 -10
422 8
423 14
424 -2
425 4
426 2
427 2
428 4
429 -10
430 -14
431 2
432 8
433 -14
434 -8
435 24
436 6
437 -14
438 -2
439 4
440 -10
441 -10
442 8
443 0
444 -6
445 -12
446 8
447 14
448 -4
449 -6
450 16
451 -12
452 -4
453 -4
454 12
455 10
456 10
457 -2
458 -10
459 10
460 -2
461 2
462 -6
463 12
464 4
465 -12
466 4
467 -12
468 -14
469 -20
470 0
471 -14
472 12
473 6
474 -10
475 2
476 2
477 -4
478 -4
479 8
480 -2
481 -24
482 12
483 -4
484 2
485 2
486 -4
487 8
488 -10
489 -2
490 -2
491 10
492 8
493 12
494 12
495 -6
496 14
497 -2
498 -8
499 -6
500 -8
501 2
502 4
503 16
504 4
505 6
506 12
507 -22
508 -6
509 -6
510 8
511 -18
512 -2
513 10
514 -8
515 6
516 -4
517 20
518 12
519 -14
520 6
521 8
522 4
523 2
524 -2
525 6
526 4
527 -10
528 -6
529 6
530 2
531 -4
532 8
533 0
534 -10
535 4
536 -12
537 -4
538 8
539 -18
540 -14
541 -10
542 -10
543 24
544 6
545 2
546 -18
547 18
548 8
549 -6
550 -6
551 8
552 -8
553 10
554 4
555 4
556 -12
557 6
558 14
559 -8
560 8
561 14
562 4
563 6
564 -16
565 2
566 12
567 -2
568 -12
569 -16
570 4
571 14
572 10
573 2
574 -8
575 -10
576 -2
577 -10
578 4
579 -2
580 10
581 -16
582 -22
583 -14
584 -10
585 -8
586 -6
587 18
588 6
589 -14
590 -20
591 -2
592 -18
593 -4
594 6
595 4
596 -20
597 -10
598 14
599 -4
600 10
601 6
602 0
603 4
604 -30
605 -6
606 0
607 -8
608 4
609 -14
610 -14
611 2
612 14
613 14
614 4
615 -6
616 -4
617 10
618 6
619 -18
620 -10
621 2
622 0
623 12
624 10
625 -14
626 8
627 8
628 -10
629 2
630 6
631 22
632 6
633 2
634 -20
635 8
636 -2
637 -2
638 -6
639 -4
640 -18
641 -8
642 -16
643 -14
644 -4
645 -8
646 32
647 10
648 6
649 2
650 -10
651 6
652 -6
653 6
654 -4
655 -2
656 14
657 6
658 -20
659 -18
660 -4
661 6
662 12
663 0
664 2
665 -6
666 2
667 -8
668 0
669 -20
670 4
671 -12
672 -2
673 -2
674 -4
675 12
676 10
677 -12
678 -16
679 12
680 -6
681 16
682 -2
683 -2
684 -16
685 -12
686 4
687 -8
688 -4
689 4
690 2
691 -6
692 10
693 16
694 16
695 -10
696 -10
697 -8
698 2
699 12
700 4
701 6
702 12
703 -6
704 0
705 2
706 -18
707 -2
708 -6
709 -10
710 2
711 -14
712 -20
713 -20
714 8
715 6
716 2
717 4
718 14
719 14
720 -18
721 0
722 0
723 12
724 -8
725 -4
726 -2
727 12
728 10
729 -2
730 8
731 8
732 -18
733 -2
734 -6
735 -8
736 -4
737 4
738 12
739 -6
740 -14
741 -10
742 6
743 -10
744 -16
745 0
746 4
747 2
748 -10
749 4
750 -2
751 14
752 -4
753 8
754 -14
755 -8
756 14
757 -14
758 -6
759 -22
760 16
761 6
762 8
763 26
764 10
765 12
766 -2
767 2
768 10
769 -8
770 0
771 -20
772 0
773 10
774 0
775 18
776 2
777 10
778 6
779 4
780 8
781 -4
782 0
783 10
784 4
785 2
786 6
787 8
788 12
789 -2
790 26
791 -4
792 -2
793 2
794 6
795 -18
796 12
797 -2
798 -8
799 -4
800 -6
801 2
802 10
803 -14
804 2
805 -8
806 -16
807 0
808 10
809 -22
810 0
811 -18
812 -2
813 2
814 10
815 22
816 0
817 -16
818 0
819 4
820 -4
821 4
822 -4
823 6
824 -6
825 0
826 -16
827 -12
828 -12
829 20
830 10
831 14
832 12
833 20
834 16
835 8
836 -16
837 4
838 -20
839 6
840 -2
841 6
842 -8
843 -2
844 0
845 -16
846 -12
847 18
848 12
849 -4
850 -22
851 -2
852 -8
853 6
854 10
855 -4
856 -8
857 -4
858 -22
859 6
860 6
861 -10
862 -2
863 8
864 -10
865 6
866 -12
867 -2
868 -8
869 -2
870 -6
871 2
872 8
873 -10
874 0
875 10
876 -12
877 14
878 12
879 10
880 2
881 2
882 0
883 -2
884 0
885 0
886 -20
887 14
888 14
889 16
890 -8
891 2
892 16
893 16
894 0
895 0
896 -4
897 2
898 -10
899 0
900 0
901 8
902 -6
903 4
904 -8
905 14
906 2
907 -2
908 -4
909 -14
910 -4
911 -6
912 -4
913 -4
914 20
915 2
916 30
917 10
918 -12
919 -6
920 -12
921 0
922 -10
923 2
924 0
925 4
926 -2
927 8
928 12
929 0
930 12
931 12
932 -18
933 -2
934 0
935 6
936 -2
937 18
938 0
939 -6
940 -8
941 14
942 8
943 -2
944 8
945 2
946 2
947 2
948 0
949 -6
950 -12
951 -6
952 -14
953 -28
954 -6
955 -12
956 6
957 0
958 10
959 0
960 -14
961 8
962 -16
963 4
964 -8
965 -6
966 -10
967 2
968 8
969 10
970 2
971 6
972 -4
973 -4
974 10
975 16
976 20
977 6
978 -4
979 -10
980 -24
981 4
982 -4
983 4
984 10
985 -10
986 -10
987 -8
988 8
989 -2
990 -4
991 8
992 4
993 -4
994 -20
995 24
996 2
997 -22
998 4
999 6
